//pared ../models/ground1.obj texture_numbe x y z tam_x tam_y tam_z rot_x rot_y rot_z rot_w

piso    0   0   0   0   20 0.0777 20 0 0 0 0 0.24725 0.24725 0.0745 0.75164 0.60648 0.22648 0.628281 0.555802 0.366065 0.4 "../models/ground1.obj"
pista -1   -24   -0.028   -26.5  0.25 20 0.25 0 0 0 0 0.0215	0.1745	0.0215	0.07568	0.61424	0.07568	0.633	0.727811	0.633	0.6 "../models/cylinder.obj"
llegada 5  -6   -4  -6  1 0.108 1 0 0 0 0 0.24725 0.24725 0.0745 0.75164 0.60648 0.22648 0.628281 0.555802 0.366065 0.4 "../models/ground1.obj"
pared   2   3   0   -3  1 1 1 0 0 0 0 0.24725 0.24725 0.0745 0.75164 0.60648 0.22648 0.628281 0.555802 0.366065 0.4 "../models/ground1.obj"
pared   2   3   0   3   1 1 1 0 0 0 0 0.24725 0.24725 0.0745 0.75164 0.60648 0.22648 0.628281 0.555802 0.366065 0.4 "../models/ground1.obj"
pared   2   -3  0   -3  1 1 1 0 0 0 0 0.24725 0.24725 0.0745 0.75164 0.60648 0.22648 0.628281 0.555802 0.366065 0.4 "../models/ground1.obj"
pared   2   -3  0   3   1 1 1 0 0 0 0 0.24725 0.24725 0.0745 0.75164 0.60648 0.22648 0.628281 0.555802 0.366065 0.4 "../models/ground1.obj"


//Borde de 7
pared   2   7   0   -7  1 1 1 0 0 0 0 0.24725 0.24725 0.0745 0.75164 0.60648 0.22648 0.628281 0.555802 0.366065 0.4 "../models/ground1.obj"
pared   2   7 	0   7  1 1 1 0 0 0 0 0.24725 0.24725 0.0745 0.75164 0.60648 0.22648 0.628281 0.555802 0.366065 0.4 "../models/ground1.obj"
pared   2   -7 	0   -7  1 1 1 0 0 0 0 0.24725 0.24725 0.0745 0.75164 0.60648 0.22648 0.628281 0.555802 0.366065 0.4 "../models/ground1.obj"
pared   2   -7 	0   7  1 1 1 0 0 0 0 0.24725 0.24725 0.0745 0.75164 0.60648 0.22648 0.628281 0.555802 0.366065 0.4 "../models/ground1.obj"

pared   2   -6 	0   -7  1 1 1 0 0 0 0 0.24725 0.24725 0.0745 0.75164 0.60648 0.22648 0.628281 0.555802 0.366065 0.4 "../models/ground1.obj"
pared   2   -5 	0   -7  1 1 1 0 0 0 0 0.24725 0.24725 0.0745 0.75164 0.60648 0.22648 0.628281 0.555802 0.366065 0.4 "../models/ground1.obj"
pared   2   -4 	0   -7  1 1 1 0 0 0 0 0.24725 0.24725 0.0745 0.75164 0.60648 0.22648 0.628281 0.555802 0.366065 0.4 "../models/ground1.obj"
pared   2   -3 	0   -7  1 1 1 0 0 0 0 0.24725 0.24725 0.0745 0.75164 0.60648 0.22648 0.628281 0.555802 0.366065 0.4 "../models/ground1.obj"
pared   2   -2 	0   -7  1 1 1 0 0 0 0 0.24725 0.24725 0.0745 0.75164 0.60648 0.22648 0.628281 0.555802 0.366065 0.4 "../models/ground1.obj"
pared   2   -1 	0   -7  1 1 1 0 0 0 0 0.24725 0.24725 0.0745 0.75164 0.60648 0.22648 0.628281 0.555802 0.366065 0.4 "../models/ground1.obj"
pared   2   0	0   -7  1 1 1 0 0 0 0 0.24725 0.24725 0.0745 0.75164 0.60648 0.22648 0.628281 0.555802 0.366065 0.4 "../models/ground1.obj"
pared   2   1   0   -7  1 1 1 0 0 0 0 0.24725 0.24725 0.0745 0.75164 0.60648 0.22648 0.628281 0.555802 0.366065 0.4 "../models/ground1.obj"
pared   2   2   0   -7  1 1 1 0 0 0 0 0.24725 0.24725 0.0745 0.75164 0.60648 0.22648 0.628281 0.555802 0.366065 0.4 "../models/ground1.obj"
pared   2   3   0   -7  1 1 1 0 0 0 0 0.24725 0.24725 0.0745 0.75164 0.60648 0.22648 0.628281 0.555802 0.366065 0.4 "../models/ground1.obj"
pared   2   4   0   -7  1 1 1 0 0 0 0 0.24725 0.24725 0.0745 0.75164 0.60648 0.22648 0.628281 0.555802 0.366065 0.4 "../models/ground1.obj"
pared   2   5   0   -7  1 1 1 0 0 0 0 0.24725 0.24725 0.0745 0.75164 0.60648 0.22648 0.628281 0.555802 0.366065 0.4 "../models/ground1.obj"
pared   2   6   0   -7  1 1 1 0 0 0 0 0.24725 0.24725 0.0745 0.75164 0.60648 0.22648 0.628281 0.555802 0.366065 0.4 "../models/ground1.obj"
pared   2   -6  0   7  1 1 1 0 0 0 0 0.24725 0.24725 0.0745 0.75164 0.60648 0.22648 0.628281 0.555802 0.366065 0.4 "../models/ground1.obj"
pared   2   -5  0   7  1 1 1 0 0 0 0 0.24725 0.24725 0.0745 0.75164 0.60648 0.22648 0.628281 0.555802 0.366065 0.4 "../models/ground1.obj"
pared   2   -4  0   7  1 1 1 0 0 0 0 0.24725 0.24725 0.0745 0.75164 0.60648 0.22648 0.628281 0.555802 0.366065 0.4 "../models/ground1.obj"
pared   2   -3  0   7  1 1 1 0 0 0 0 0.24725 0.24725 0.0745 0.75164 0.60648 0.22648 0.628281 0.555802 0.366065 0.4 "../models/ground1.obj"
pared   2   -2  0   7  1 1 1 0 0 0 0 0.24725 0.24725 0.0745 0.75164 0.60648 0.22648 0.628281 0.555802 0.366065 0.4 "../models/ground1.obj"
pared   2   -1  0   7  1 1 1 0 0 0 0 0.24725 0.24725 0.0745 0.75164 0.60648 0.22648 0.628281 0.555802 0.366065 0.4 "../models/ground1.obj"
pared   2   0   0   7  1 1 1 0 0 0 0 0.24725 0.24725 0.0745 0.75164 0.60648 0.22648 0.628281 0.555802 0.366065 0.4 "../models/ground1.obj"
pared   2   1   0   7  1 1 1 0 0 0 0 0.24725 0.24725 0.0745 0.75164 0.60648 0.22648 0.628281 0.555802 0.366065 0.4 "../models/ground1.obj"
pared   2   2   0   7  1 1 1 0 0 0 0 0.24725 0.24725 0.0745 0.75164 0.60648 0.22648 0.628281 0.555802 0.366065 0.4 "../models/ground1.obj"
pared   2   3   0   7  1 1 1 0 0 0 0 0.24725 0.24725 0.0745 0.75164 0.60648 0.22648 0.628281 0.555802 0.366065 0.4 "../models/ground1.obj"
pared   2   4   0   7  1 1 1 0 0 0 0 0.24725 0.24725 0.0745 0.75164 0.60648 0.22648 0.628281 0.555802 0.366065 0.4 "../models/ground1.obj"
pared   2   5   0   7  1 1 1 0 0 0 0 0.24725 0.24725 0.0745 0.75164 0.60648 0.22648 0.628281 0.555802 0.366065 0.4 "../models/ground1.obj"
pared   2   6   0   7  1 1 1 0 0 0 0 0.24725 0.24725 0.0745 0.75164 0.60648 0.22648 0.628281 0.555802 0.366065 0.4 "../models/ground1.obj"

pared   2   -7   0 	-6  1 1 1 0 0 0 0 0.24725 0.24725 0.0745 0.75164 0.60648 0.22648 0.628281 0.555802 0.366065 0.4 "../models/ground1.obj"
pared   2   -7   0 	-5  1 1 1 0 0 0 0 0.24725 0.24725 0.0745 0.75164 0.60648 0.22648 0.628281 0.555802 0.366065 0.4 "../models/ground1.obj"
pared   2   -7   0 	-4  1 1 1 0 0 0 0 0.24725 0.24725 0.0745 0.75164 0.60648 0.22648 0.628281 0.555802 0.366065 0.4 "../models/ground1.obj"
pared   2   -7   0 	-3  1 1 1 0 0 0 0 0.24725 0.24725 0.0745 0.75164 0.60648 0.22648 0.628281 0.555802 0.366065 0.4 "../models/ground1.obj"
pared   2   -7   0 	-2  1 1 1 0 0 0 0 0.24725 0.24725 0.0745 0.75164 0.60648 0.22648 0.628281 0.555802 0.366065 0.4 "../models/ground1.obj"
pared   2   -7   0 	-1  1 1 1 0 0 0 0 0.24725 0.24725 0.0745 0.75164 0.60648 0.22648 0.628281 0.555802 0.366065 0.4 "../models/ground1.obj"
pared   2   -7   0 	0  1 1 1 0 0 0 0 0.24725 0.24725 0.0745 0.75164 0.60648 0.22648 0.628281 0.555802 0.366065 0.4 "../models/ground1.obj"
pared   2   -7   0 	1  1 1 1 0 0 0 0 0.24725 0.24725 0.0745 0.75164 0.60648 0.22648 0.628281 0.555802 0.366065 0.4 "../models/ground1.obj"
pared   2   -7   0 	2  1 1 1 0 0 0 0 0.24725 0.24725 0.0745 0.75164 0.60648 0.22648 0.628281 0.555802 0.366065 0.4 "../models/ground1.obj"
pared   2   -7   0 	3  1 1 1 0 0 0 0 0.24725 0.24725 0.0745 0.75164 0.60648 0.22648 0.628281 0.555802 0.366065 0.4 "../models/ground1.obj"
pared   2   -7   0 	4  1 1 1 0 0 0 0 0.24725 0.24725 0.0745 0.75164 0.60648 0.22648 0.628281 0.555802 0.366065 0.4 "../models/ground1.obj"
pared   2   -7   0 	5  1 1 1 0 0 0 0 0.24725 0.24725 0.0745 0.75164 0.60648 0.22648 0.628281 0.555802 0.366065 0.4 "../models/ground1.obj"
pared   2   -7   0 	6  1 1 1 0 0 0 0 0.24725 0.24725 0.0745 0.75164 0.60648 0.22648 0.628281 0.555802 0.366065 0.4 "../models/ground1.obj"
pared   2   7   0 	-6  1 1 1 0 0 0 0 0.24725 0.24725 0.0745 0.75164 0.60648 0.22648 0.628281 0.555802 0.366065 0.4 "../models/ground1.obj"
pared   2   7   0 	-5  1 1 1 0 0 0 0 0.24725 0.24725 0.0745 0.75164 0.60648 0.22648 0.628281 0.555802 0.366065 0.4 "../models/ground1.obj"
pared   2   7   0 	-4  1 1 1 0 0 0 0 0.24725 0.24725 0.0745 0.75164 0.60648 0.22648 0.628281 0.555802 0.366065 0.4 "../models/ground1.obj"
pared   2   7   0 	-3  1 1 1 0 0 0 0 0.24725 0.24725 0.0745 0.75164 0.60648 0.22648 0.628281 0.555802 0.366065 0.4 "../models/ground1.obj"
pared   2   7   0 	-2  1 1 1 0 0 0 0 0.24725 0.24725 0.0745 0.75164 0.60648 0.22648 0.628281 0.555802 0.366065 0.4 "../models/ground1.obj"
pared   2   7   0 	-1  1 1 1 0 0 0 0 0.24725 0.24725 0.0745 0.75164 0.60648 0.22648 0.628281 0.555802 0.366065 0.4 "../models/ground1.obj"
pared   2   7   0 	0  1 1 1 0 0 0 0 0.24725 0.24725 0.0745 0.75164 0.60648 0.22648 0.628281 0.555802 0.366065 0.4 "../models/ground1.obj"
pared   2   7   0 	1  1 1 1 0 0 0 0 0.24725 0.24725 0.0745 0.75164 0.60648 0.22648 0.628281 0.555802 0.366065 0.4 "../models/ground1.obj"
pared   2   7   0 	2  1 1 1 0 0 0 0 0.24725 0.24725 0.0745 0.75164 0.60648 0.22648 0.628281 0.555802 0.366065 0.4 "../models/ground1.obj"
pared   2   7   0 	3  1 1 1 0 0 0 0 0.24725 0.24725 0.0745 0.75164 0.60648 0.22648 0.628281 0.555802 0.366065 0.4 "../models/ground1.obj"
pared   2   7   0 	4  1 1 1 0 0 0 0 0.24725 0.24725 0.0745 0.75164 0.60648 0.22648 0.628281 0.555802 0.366065 0.4 "../models/ground1.obj"
pared   2   7   0 	5  1 1 1 0 0 0 0 0.24725 0.24725 0.0745 0.75164 0.60648 0.22648 0.628281 0.555802 0.366065 0.4 "../models/ground1.obj"
pared   2   7   0 	6  1 1 1 0 0 0 0 0.24725 0.24725 0.0745 0.75164 0.60648 0.22648 0.628281 0.555802 0.366065 0.4 "../models/ground1.obj"

//Borde de 5
pared   2   5   0   -5  1 1 1 0 0 0 0 0.24725 0.24725 0.0745 0.75164 0.60648 0.22648 0.628281 0.555802 0.366065 0.4 "../models/ground1.obj"
pared   2   5 	0   5  1 1 1 0 0 0 0 0.24725 0.24725 0.0745 0.75164 0.60648 0.22648 0.628281 0.555802 0.366065 0.4 "../models/ground1.obj"
pared   2   -5 	0   -5  1 1 1 0 0 0 0 0.24725 0.24725 0.0745 0.75164 0.60648 0.22648 0.628281 0.555802 0.366065 0.4 "../models/ground1.obj"
pared   2   -5 	0   5  1 1 1 0 0 0 0 0.24725 0.24725 0.0745 0.75164 0.60648 0.22648 0.628281 0.555802 0.366065 0.4 "../models/ground1.obj"

pared   2   -4 	0   -5  1 1 1 0 0 0 0 0.24725 0.24725 0.0745 0.75164 0.60648 0.22648 0.628281 0.555802 0.366065 0.4 "../models/ground1.obj"
pared   2   -3 	0   -5  1 1 1 0 0 0 0 0.24725 0.24725 0.0745 0.75164 0.60648 0.22648 0.628281 0.555802 0.366065 0.4 "../models/ground1.obj"
pared   2   -2 	0   -5  1 1 1 0 0 0 0 0.24725 0.24725 0.0745 0.75164 0.60648 0.22648 0.628281 0.555802 0.366065 0.4 "../models/ground1.obj"
pared   2   -1 	0   -5  1 1 1 0 0 0 0 0.24725 0.24725 0.0745 0.75164 0.60648 0.22648 0.628281 0.555802 0.366065 0.4 "../models/ground1.obj"
//pared   2   0	0   -5  1 1 1 0 0 0 0 0.24725 0.24725 0.0745 0.75164 0.60648 0.22648 0.628281 0.555802 0.366065 0.4 "../models/ground1.obj"
pared   2   1   0   -5  1 1 1 0 0 0 0 0.24725 0.24725 0.0745 0.75164 0.60648 0.22648 0.628281 0.555802 0.366065 0.4 "../models/ground1.obj"
pared   2   2   0   -5  1 1 1 0 0 0 0 0.24725 0.24725 0.0745 0.75164 0.60648 0.22648 0.628281 0.555802 0.366065 0.4 "../models/ground1.obj"
pared   2   3   0   -5  1 1 1 0 0 0 0 0.24725 0.24725 0.0745 0.75164 0.60648 0.22648 0.628281 0.555802 0.366065 0.4 "../models/ground1.obj"
pared   2   4   0   -5  1 1 1 0 0 0 0 0.24725 0.24725 0.0745 0.75164 0.60648 0.22648 0.628281 0.555802 0.366065 0.4 "../models/ground1.obj"
pared   2   -4  0   5  1 1 1 0 0 0 0 0.24725 0.24725 0.0745 0.75164 0.60648 0.22648 0.628281 0.555802 0.366065 0.4 "../models/ground1.obj"
pared   2   -3  0   5  1 1 1 0 0 0 0 0.24725 0.24725 0.0745 0.75164 0.60648 0.22648 0.628281 0.555802 0.366065 0.4 "../models/ground1.obj"
pared   2   -2  0   5  1 1 1 0 0 0 0 0.24725 0.24725 0.0745 0.75164 0.60648 0.22648 0.628281 0.555802 0.366065 0.4 "../models/ground1.obj"
pared   2   -1  0   5  1 1 1 0 0 0 0 0.24725 0.24725 0.0745 0.75164 0.60648 0.22648 0.628281 0.555802 0.366065 0.4 "../models/ground1.obj"
pared   2   0   0   5  1 1 1 0 0 0 0 0.24725 0.24725 0.0745 0.75164 0.60648 0.22648 0.628281 0.555802 0.366065 0.4 "../models/ground1.obj"
pared   2   1   0   5  1 1 1 0 0 0 0 0.24725 0.24725 0.0745 0.75164 0.60648 0.22648 0.628281 0.555802 0.366065 0.4 "../models/ground1.obj"
pared   2   2   0   5  1 1 1 0 0 0 0 0.24725 0.24725 0.0745 0.75164 0.60648 0.22648 0.628281 0.555802 0.366065 0.4 "../models/ground1.obj"
pared   2   3   0   5  1 1 1 0 0 0 0 0.24725 0.24725 0.0745 0.75164 0.60648 0.22648 0.628281 0.555802 0.366065 0.4 "../models/ground1.obj"
pared   2   4   0   5  1 1 1 0 0 0 0 0.24725 0.24725 0.0745 0.75164 0.60648 0.22648 0.628281 0.555802 0.366065 0.4 "../models/ground1.obj"

pared   2   -5   0 	-4  1 1 1 0 0 0 0 0.24725 0.24725 0.0745 0.75164 0.60648 0.22648 0.628281 0.555802 0.366065 0.4 "../models/ground1.obj"
pared   2   -5   0 	-3  1 1 1 0 0 0 0 0.24725 0.24725 0.0745 0.75164 0.60648 0.22648 0.628281 0.555802 0.366065 0.4 "../models/ground1.obj"
pared   2   -5   0 	-2  1 1 1 0 0 0 0 0.24725 0.24725 0.0745 0.75164 0.60648 0.22648 0.628281 0.555802 0.366065 0.4 "../models/ground1.obj"
pared   2   -5   0 	-1  1 1 1 0 0 0 0 0.24725 0.24725 0.0745 0.75164 0.60648 0.22648 0.628281 0.555802 0.366065 0.4 "../models/ground1.obj"
pared   2   -5   0 	0  1 1 1 0 0 0 0 0.24725 0.24725 0.0745 0.75164 0.60648 0.22648 0.628281 0.555802 0.366065 0.4 "../models/ground1.obj"
pared   2   -5   0 	1  1 1 1 0 0 0 0 0.24725 0.24725 0.0745 0.75164 0.60648 0.22648 0.628281 0.555802 0.366065 0.4 "../models/ground1.obj"
pared   2   -5   0 	2  1 1 1 0 0 0 0 0.24725 0.24725 0.0745 0.75164 0.60648 0.22648 0.628281 0.555802 0.366065 0.4 "../models/ground1.obj"
pared   2   -5   0 	3  1 1 1 0 0 0 0 0.24725 0.24725 0.0745 0.75164 0.60648 0.22648 0.628281 0.555802 0.366065 0.4 "../models/ground1.obj"
pared   2   -5   0 	4  1 1 1 0 0 0 0 0.24725 0.24725 0.0745 0.75164 0.60648 0.22648 0.628281 0.555802 0.366065 0.4 "../models/ground1.obj"
pared   2   5   0 	-4  1 1 1 0 0 0 0 0.24725 0.24725 0.0745 0.75164 0.60648 0.22648 0.628281 0.555802 0.366065 0.4 "../models/ground1.obj"
pared   2   5   0 	-3  1 1 1 0 0 0 0 0.24725 0.24725 0.0745 0.75164 0.60648 0.22648 0.628281 0.555802 0.366065 0.4 "../models/ground1.obj"
pared   2   5   0 	-2  1 1 1 0 0 0 0 0.24725 0.24725 0.0745 0.75164 0.60648 0.22648 0.628281 0.555802 0.366065 0.4 "../models/ground1.obj"
pared   2   5   0 	-1  1 1 1 0 0 0 0 0.24725 0.24725 0.0745 0.75164 0.60648 0.22648 0.628281 0.555802 0.366065 0.4 "../models/ground1.obj"
pared   2   5   0 	0  1 1 1 0 0 0 0 0.24725 0.24725 0.0745 0.75164 0.60648 0.22648 0.628281 0.555802 0.366065 0.4 "../models/ground1.obj"
pared   2   5   0 	1  1 1 1 0 0 0 0 0.24725 0.24725 0.0745 0.75164 0.60648 0.22648 0.628281 0.555802 0.366065 0.4 "../models/ground1.obj"
pared   2   5   0 	2  1 1 1 0 0 0 0 0.24725 0.24725 0.0745 0.75164 0.60648 0.22648 0.628281 0.555802 0.366065 0.4 "../models/ground1.obj"
pared   2   5   0 	3  1 1 1 0 0 0 0 0.24725 0.24725 0.0745 0.75164 0.60648 0.22648 0.628281 0.555802 0.366065 0.4 "../models/ground1.obj"
pared   2   5   0 	4  1 1 1 0 0 0 0 0.24725 0.24725 0.0745 0.75164 0.60648 0.22648 0.628281 0.555802 0.366065 0.4 "../models/ground1.obj"

//Borde de 3
pared   2   3   0   -3  1 1 1 0 0 0 0 0.24725 0.24725 0.0745 0.75164 0.60648 0.22648 0.628281 0.555802 0.366065 0.4 "../models/ground1.obj"
pared   2   3 	0   3  1 1 1 0 0 0 0 0.24725 0.24725 0.0745 0.75164 0.60648 0.22648 0.628281 0.555802 0.366065 0.4 "../models/ground1.obj"
pared   2   -3 	0   -3  1 1 1 0 0 0 0 0.24725 0.24725 0.0745 0.75164 0.60648 0.22648 0.628281 0.555802 0.366065 0.4 "../models/ground1.obj"
pared   2   -3 	0   3  1 1 1 0 0 0 0 0.24725 0.24725 0.0745 0.75164 0.60648 0.22648 0.628281 0.555802 0.366065 0.4 "../models/ground1.obj"

pared   2   -2 	0   -3  1 1 1 0 0 0 0 0.24725 0.24725 0.0745 0.75164 0.60648 0.22648 0.628281 0.555802 0.366065 0.4 "../models/ground1.obj"
pared   2   -1 	0   -3  1 1 1 0 0 0 0 0.24725 0.24725 0.0745 0.75164 0.60648 0.22648 0.628281 0.555802 0.366065 0.4 "../models/ground1.obj"
pared   2   0	0   -3  1 1 1 0 0 0 0 0.24725 0.24725 0.0745 0.75164 0.60648 0.22648 0.628281 0.555802 0.366065 0.4 "../models/ground1.obj"
pared   2   1   0   -3  1 1 1 0 0 0 0 0.24725 0.24725 0.0745 0.75164 0.60648 0.22648 0.628281 0.555802 0.366065 0.4 "../models/ground1.obj"
pared   2   2   0   -3  1 1 1 0 0 0 0 0.24725 0.24725 0.0745 0.75164 0.60648 0.22648 0.628281 0.555802 0.366065 0.4 "../models/ground1.obj"
pared   2   -2  0   3  1 1 1 0 0 0 0 0.24725 0.24725 0.0745 0.75164 0.60648 0.22648 0.628281 0.555802 0.366065 0.4 "../models/ground1.obj"
pared   2   -1  0   3  1 1 1 0 0 0 0 0.24725 0.24725 0.0745 0.75164 0.60648 0.22648 0.628281 0.555802 0.366065 0.4 "../models/ground1.obj"
pared   2   0   0   3  1 1 1 0 0 0 0 0.24725 0.24725 0.0745 0.75164 0.60648 0.22648 0.628281 0.555802 0.366065 0.4 "../models/ground1.obj"
//pared   2   1   0   3  1 1 1 0 0 0 0 0.24725 0.24725 0.0745 0.75164 0.60648 0.22648 0.628281 0.555802 0.366065 0.4 "../models/ground1.obj"
pared   2   2   0   3  1 1 1 0 0 0 0 0.24725 0.24725 0.0745 0.75164 0.60648 0.22648 0.628281 0.555802 0.366065 0.4 "../models/ground1.obj"

pared   2   -3   0 	-2  1 1 1 0 0 0 0 0.24725 0.24725 0.0745 0.75164 0.60648 0.22648 0.628281 0.555802 0.366065 0.4 "../models/ground1.obj"
pared   2   -3   0 	-1  1 1 1 0 0 0 0 0.24725 0.24725 0.0745 0.75164 0.60648 0.22648 0.628281 0.555802 0.366065 0.4 "../models/ground1.obj"
pared   2   -3   0 	0  1 1 1 0 0 0 0 0.24725 0.24725 0.0745 0.75164 0.60648 0.22648 0.628281 0.555802 0.366065 0.4 "../models/ground1.obj"
pared   2   -3   0 	1  1 1 1 0 0 0 0 0.24725 0.24725 0.0745 0.75164 0.60648 0.22648 0.628281 0.555802 0.366065 0.4 "../models/ground1.obj"
pared   2   -3   0 	2  1 1 1 0 0 0 0 0.24725 0.24725 0.0745 0.75164 0.60648 0.22648 0.628281 0.555802 0.366065 0.4 "../models/ground1.obj"
pared   2   3   0 	-2  1 1 1 0 0 0 0 0.24725 0.24725 0.0745 0.75164 0.60648 0.22648 0.628281 0.555802 0.366065 0.4 "../models/ground1.obj"
pared   2   3   0 	-1  1 1 1 0 0 0 0 0.24725 0.24725 0.0745 0.75164 0.60648 0.22648 0.628281 0.555802 0.366065 0.4 "../models/ground1.obj"
pared   2   3   0 	0  1 1 1 0 0 0 0 0.24725 0.24725 0.0745 0.75164 0.60648 0.22648 0.628281 0.555802 0.366065 0.4 "../models/ground1.obj"
pared   2   3   0 	1  1 1 1 0 0 0 0 0.24725 0.24725 0.0745 0.75164 0.60648 0.22648 0.628281 0.555802 0.366065 0.4 "../models/ground1.obj"
pared   2   3   0 	2  1 1 1 0 0 0 0 0.24725 0.24725 0.0745 0.75164 0.60648 0.22648 0.628281 0.555802 0.366065 0.4 "../models/ground1.obj"

//Borde de 1
pared   1   1   0   -1  1 1 1 0 0 0 0 0.24725 0.24725 0.0745 0.75164 0.60648 0.22648 0.628281 0.555802 0.366065 0.4 "../models/ground1.obj"
pared   2   1 	0   1  1 1 1 0 0 0 0 0.24725 0.24725 0.0745 0.75164 0.60648 0.22648 0.628281 0.555802 0.366065 0.4 "../models/ground1.obj"
pared   3   -1 	0   -1  1 1 1 0 0 0 0 0.24725 0.24725 0.0745 0.75164 0.60648 0.22648 0.628281 0.555802 0.366065 0.4 "../models/ground1.obj"
pared   4   -1 	0   1  1 1 1 0 0 0 0 0.24725 0.24725 0.0745 0.75164 0.60648 0.22648 0.628281 0.555802 0.366065 0.4 "../models/ground1.obj"
pared   5   0 	0   1  1 1 1 0 0 0 0 0.24725 0.24725 0.0745 0.75164 0.60648 0.22648 0.628281 0.555802 0.366065 0.4 "../models/ground1.obj"
pared   6   -1 	0   0  1 1 1 0 0 0 0 0.24725 0.24725 0.0745 0.75164 0.60648 0.22648 0.628281 0.555802 0.366065 0.4 "../models/ground1.obj"
pared   1   1 	0   0  1 1 1 0 0 0 0 0.24725 0.24725 0.0745 0.75164 0.60648 0.22648 0.628281 0.555802 0.366065 0.4 "../models/ground1.obj"

//Otros
pared   2   0 	0   2  1 1 1 0 0 0 0 0.24725 0.24725 0.0745 0.75164 0.60648 0.22648 0.628281 0.555802 0.366065 0.4 "../models/ground1.obj"
jugador 5   0   0   0   1 1 1 0 0 0 0 0.24725 0.24725 0.0745 0.75164 0.60648 0.22648 0.628281 0.555802 0.366065 0.4 "../models/ground1.obj"