//pared ../models/ground1.obj texture_numbe x y z tam_x tam_y tam_z rot_x rot_y rot_z rot_w

piso    0   0   0   0   20 0.0777 20 0 0 0 0 0.24725 0.24725 0.0745 0.75164 0.60648 0.22648 0.628281 0.555802 0.366065 0.4 "../models/ground1.obj"
pista -1   -32   -0.028   -34.5  0.25 20 0.25 0 0 0 0 0.0215	0.1745	0.0215	0.07568	0.61424	0.07568	0.633	0.727811	0.633	0.6 "../models/cylinder.obj"
llegada 5  -8   -4  -8  1 0.108 1 0 0 0 0 0.24725 0.24725 0.0745 0.75164 0.60648 0.22648 0.628281 0.555802 0.366065 0.4 "../models/ground1.obj"


pared   6   3   0   -3  1 1 1 0 0 0 0 0.24725 0.24725 0.0745 0.75164 0.60648 0.22648 0.628281 0.555802 0.366065 0.4 "../models/ground1.obj"
pared   6   3   0   3   1 1 1 0 0 0 0 0.24725 0.24725 0.0745 0.75164 0.60648 0.22648 0.628281 0.555802 0.366065 0.4 "../models/ground1.obj"
pared   6   -3  0   -3  1 1 1 0 0 0 0 0.24725 0.24725 0.0745 0.75164 0.60648 0.22648 0.628281 0.555802 0.366065 0.4 "../models/ground1.obj"
pared   6   -3  0   3   1 1 1 0 0 0 0 0.24725 0.24725 0.0745 0.75164 0.60648 0.22648 0.628281 0.555802 0.366065 0.4 "../models/ground1.obj"



//Borde de 79
pared   6   9   0   -9  1 1 1 0 0 0 0 0.24725 0.24725 0.0745 0.75164 0.60648 0.22648 0.628281 0.555802 0.366065 0.4 "../models/ground1.obj"
pared   6   9 	0   9  1 1 1 0 0 0 0 0.24725 0.24725 0.0745 0.75164 0.60648 0.22648 0.628281 0.555802 0.366065 0.4 "../models/ground1.obj"
pared   6   -9 	0   -9  1 1 1 0 0 0 0 0.24725 0.24725 0.0745 0.75164 0.60648 0.22648 0.628281 0.555802 0.366065 0.4 "../models/ground1.obj"
pared   6   -9 	0   9  1 1 1 0 0 0 0 0.24725 0.24725 0.0745 0.75164 0.60648 0.22648 0.628281 0.555802 0.366065 0.4 "../models/ground1.obj"

pared   6   -8 	0   -9  1 1 1 0 0 0 0 0.24725 0.24725 0.0745 0.75164 0.60648 0.22648 0.628281 0.555802 0.366065 0.4 "../models/ground1.obj"
pared   6   -7 	0   -9  1 1 1 0 0 0 0 0.24725 0.24725 0.0745 0.75164 0.60648 0.22648 0.628281 0.555802 0.366065 0.4 "../models/ground1.obj"
pared   6   -6 	0   -9  1 1 1 0 0 0 0 0.24725 0.24725 0.0745 0.75164 0.60648 0.22648 0.628281 0.555802 0.366065 0.4 "../models/ground1.obj"
pared   6   -5 	0   -9  1 1 1 0 0 0 0 0.24725 0.24725 0.0745 0.75164 0.60648 0.22648 0.628281 0.555802 0.366065 0.4 "../models/ground1.obj"
pared   6   -4 	0   -9  1 1 1 0 0 0 0 0.24725 0.24725 0.0745 0.75164 0.60648 0.22648 0.628281 0.555802 0.366065 0.4 "../models/ground1.obj"
pared   6   -3 	0   -9  1 1 1 0 0 0 0 0.24725 0.24725 0.0745 0.75164 0.60648 0.22648 0.628281 0.555802 0.366065 0.4 "../models/ground1.obj"
pared   6   -2 	0   -9  1 1 1 0 0 0 0 0.24725 0.24725 0.0745 0.75164 0.60648 0.22648 0.628281 0.555802 0.366065 0.4 "../models/ground1.obj"
pared   6   -1 	0   -9  1 1 1 0 0 0 0 0.24725 0.24725 0.0745 0.75164 0.60648 0.22648 0.628281 0.555802 0.366065 0.4 "../models/ground1.obj"
pared   6   0	0   -9  1 1 1 0 0 0 0 0.24725 0.24725 0.0745 0.75164 0.60648 0.22648 0.628281 0.555802 0.366065 0.4 "../models/ground1.obj"
pared   6   1   0   -9  1 1 1 0 0 0 0 0.24725 0.24725 0.0745 0.75164 0.60648 0.22648 0.628281 0.555802 0.366065 0.4 "../models/ground1.obj"
pared   6   2   0   -9  1 1 1 0 0 0 0 0.24725 0.24725 0.0745 0.75164 0.60648 0.22648 0.628281 0.555802 0.366065 0.4 "../models/ground1.obj"
pared   6   3   0   -9  1 1 1 0 0 0 0 0.24725 0.24725 0.0745 0.75164 0.60648 0.22648 0.628281 0.555802 0.366065 0.4 "../models/ground1.obj"
pared   6   4   0   -9  1 1 1 0 0 0 0 0.24725 0.24725 0.0745 0.75164 0.60648 0.22648 0.628281 0.555802 0.366065 0.4 "../models/ground1.obj"
pared   6   5   0   -9  1 1 1 0 0 0 0 0.24725 0.24725 0.0745 0.75164 0.60648 0.22648 0.628281 0.555802 0.366065 0.4 "../models/ground1.obj"
pared   6   6   0   -9  1 1 1 0 0 0 0 0.24725 0.24725 0.0745 0.75164 0.60648 0.22648 0.628281 0.555802 0.366065 0.4 "../models/ground1.obj"
pared   6   7   0   -9  1 1 1 0 0 0 0 0.24725 0.24725 0.0745 0.75164 0.60648 0.22648 0.628281 0.555802 0.366065 0.4 "../models/ground1.obj"
pared   6   8   0   -9  1 1 1 0 0 0 0 0.24725 0.24725 0.0745 0.75164 0.60648 0.22648 0.628281 0.555802 0.366065 0.4 "../models/ground1.obj"
pared   6   -8  0   9  1 1 1 0 0 0 0 0.24725 0.24725 0.0745 0.75164 0.60648 0.22648 0.628281 0.555802 0.366065 0.4 "../models/ground1.obj"
pared   6   -7  0   9  1 1 1 0 0 0 0 0.24725 0.24725 0.0745 0.75164 0.60648 0.22648 0.628281 0.555802 0.366065 0.4 "../models/ground1.obj"
pared   6   -6  0   9  1 1 1 0 0 0 0 0.24725 0.24725 0.0745 0.75164 0.60648 0.22648 0.628281 0.555802 0.366065 0.4 "../models/ground1.obj"
pared   6   -5  0   9  1 1 1 0 0 0 0 0.24725 0.24725 0.0745 0.75164 0.60648 0.22648 0.628281 0.555802 0.366065 0.4 "../models/ground1.obj"
pared   6   -4  0   9  1 1 1 0 0 0 0 0.24725 0.24725 0.0745 0.75164 0.60648 0.22648 0.628281 0.555802 0.366065 0.4 "../models/ground1.obj"
pared   6   -3  0   9  1 1 1 0 0 0 0 0.24725 0.24725 0.0745 0.75164 0.60648 0.22648 0.628281 0.555802 0.366065 0.4 "../models/ground1.obj"
pared   6   -2  0   9  1 1 1 0 0 0 0 0.24725 0.24725 0.0745 0.75164 0.60648 0.22648 0.628281 0.555802 0.366065 0.4 "../models/ground1.obj"
pared   6   -1  0   9  1 1 1 0 0 0 0 0.24725 0.24725 0.0745 0.75164 0.60648 0.22648 0.628281 0.555802 0.366065 0.4 "../models/ground1.obj"
pared   6   0   0   9  1 1 1 0 0 0 0 0.24725 0.24725 0.0745 0.75164 0.60648 0.22648 0.628281 0.555802 0.366065 0.4 "../models/ground1.obj"
pared   6   1   0   9  1 1 1 0 0 0 0 0.24725 0.24725 0.0745 0.75164 0.60648 0.22648 0.628281 0.555802 0.366065 0.4 "../models/ground1.obj"
pared   6   2   0   9  1 1 1 0 0 0 0 0.24725 0.24725 0.0745 0.75164 0.60648 0.22648 0.628281 0.555802 0.366065 0.4 "../models/ground1.obj"
pared   6   3   0   9  1 1 1 0 0 0 0 0.24725 0.24725 0.0745 0.75164 0.60648 0.22648 0.628281 0.555802 0.366065 0.4 "../models/ground1.obj"
pared   6   4   0   9  1 1 1 0 0 0 0 0.24725 0.24725 0.0745 0.75164 0.60648 0.22648 0.628281 0.555802 0.366065 0.4 "../models/ground1.obj"
pared   6   5   0   9  1 1 1 0 0 0 0 0.24725 0.24725 0.0745 0.75164 0.60648 0.22648 0.628281 0.555802 0.366065 0.4 "../models/ground1.obj"
pared   6   6   0   9  1 1 1 0 0 0 0 0.24725 0.24725 0.0745 0.75164 0.60648 0.22648 0.628281 0.555802 0.366065 0.4 "../models/ground1.obj"
pared   6   7   0   9  1 1 1 0 0 0 0 0.24725 0.24725 0.0745 0.75164 0.60648 0.22648 0.628281 0.555802 0.366065 0.4 "../models/ground1.obj"
pared   6   8   0   9  1 1 1 0 0 0 0 0.24725 0.24725 0.0745 0.75164 0.60648 0.22648 0.628281 0.555802 0.366065 0.4 "../models/ground1.obj"

pared   6   -9   0 	-8  1 1 1 0 0 0 0 0.24725 0.24725 0.0745 0.75164 0.60648 0.22648 0.628281 0.555802 0.366065 0.4 "../models/ground1.obj"
pared   6   -9   0 	-7  1 1 1 0 0 0 0 0.24725 0.24725 0.0745 0.75164 0.60648 0.22648 0.628281 0.555802 0.366065 0.4 "../models/ground1.obj"
pared   6   -9   0 	-6  1 1 1 0 0 0 0 0.24725 0.24725 0.0745 0.75164 0.60648 0.22648 0.628281 0.555802 0.366065 0.4 "../models/ground1.obj"
pared   6   -9   0 	-5  1 1 1 0 0 0 0 0.24725 0.24725 0.0745 0.75164 0.60648 0.22648 0.628281 0.555802 0.366065 0.4 "../models/ground1.obj"
pared   6   -9   0 	-4  1 1 1 0 0 0 0 0.24725 0.24725 0.0745 0.75164 0.60648 0.22648 0.628281 0.555802 0.366065 0.4 "../models/ground1.obj"
pared   6   -9   0 	-3  1 1 1 0 0 0 0 0.24725 0.24725 0.0745 0.75164 0.60648 0.22648 0.628281 0.555802 0.366065 0.4 "../models/ground1.obj"
pared   6   -9   0 	-2  1 1 1 0 0 0 0 0.24725 0.24725 0.0745 0.75164 0.60648 0.22648 0.628281 0.555802 0.366065 0.4 "../models/ground1.obj"
pared   6   -9   0 	-1  1 1 1 0 0 0 0 0.24725 0.24725 0.0745 0.75164 0.60648 0.22648 0.628281 0.555802 0.366065 0.4 "../models/ground1.obj"
pared   6   -9   0 	0  1 1 1 0 0 0 0 0.24725 0.24725 0.0745 0.75164 0.60648 0.22648 0.628281 0.555802 0.366065 0.4 "../models/ground1.obj"
pared   6   -9   0 	1  1 1 1 0 0 0 0 0.24725 0.24725 0.0745 0.75164 0.60648 0.22648 0.628281 0.555802 0.366065 0.4 "../models/ground1.obj"
pared   6   -9   0 	2  1 1 1 0 0 0 0 0.24725 0.24725 0.0745 0.75164 0.60648 0.22648 0.628281 0.555802 0.366065 0.4 "../models/ground1.obj"
pared   6   -9   0 	3  1 1 1 0 0 0 0 0.24725 0.24725 0.0745 0.75164 0.60648 0.22648 0.628281 0.555802 0.366065 0.4 "../models/ground1.obj"
pared   6   -9   0 	4  1 1 1 0 0 0 0 0.24725 0.24725 0.0745 0.75164 0.60648 0.22648 0.628281 0.555802 0.366065 0.4 "../models/ground1.obj"
pared   6   -9   0 	5  1 1 1 0 0 0 0 0.24725 0.24725 0.0745 0.75164 0.60648 0.22648 0.628281 0.555802 0.366065 0.4 "../models/ground1.obj"
pared   6   -9   0 	6  1 1 1 0 0 0 0 0.24725 0.24725 0.0745 0.75164 0.60648 0.22648 0.628281 0.555802 0.366065 0.4 "../models/ground1.obj"
pared   6   -9   0 	7  1 1 1 0 0 0 0 0.24725 0.24725 0.0745 0.75164 0.60648 0.22648 0.628281 0.555802 0.366065 0.4 "../models/ground1.obj"
pared   6   -9   0 	8  1 1 1 0 0 0 0 0.24725 0.24725 0.0745 0.75164 0.60648 0.22648 0.628281 0.555802 0.366065 0.4 "../models/ground1.obj"
pared   6   9   0 	-8  1 1 1 0 0 0 0 0.24725 0.24725 0.0745 0.75164 0.60648 0.22648 0.628281 0.555802 0.366065 0.4 "../models/ground1.obj"
pared   6   9   0 	-7  1 1 1 0 0 0 0 0.24725 0.24725 0.0745 0.75164 0.60648 0.22648 0.628281 0.555802 0.366065 0.4 "../models/ground1.obj"
pared   6   9   0 	-6  1 1 1 0 0 0 0 0.24725 0.24725 0.0745 0.75164 0.60648 0.22648 0.628281 0.555802 0.366065 0.4 "../models/ground1.obj"
pared   6   9   0 	-5  1 1 1 0 0 0 0 0.24725 0.24725 0.0745 0.75164 0.60648 0.22648 0.628281 0.555802 0.366065 0.4 "../models/ground1.obj"
pared   6   9   0 	-4  1 1 1 0 0 0 0 0.24725 0.24725 0.0745 0.75164 0.60648 0.22648 0.628281 0.555802 0.366065 0.4 "../models/ground1.obj"
pared   6   9   0 	-3  1 1 1 0 0 0 0 0.24725 0.24725 0.0745 0.75164 0.60648 0.22648 0.628281 0.555802 0.366065 0.4 "../models/ground1.obj"
pared   6   9   0 	-2  1 1 1 0 0 0 0 0.24725 0.24725 0.0745 0.75164 0.60648 0.22648 0.628281 0.555802 0.366065 0.4 "../models/ground1.obj"
pared   6   9   0 	-1  1 1 1 0 0 0 0 0.24725 0.24725 0.0745 0.75164 0.60648 0.22648 0.628281 0.555802 0.366065 0.4 "../models/ground1.obj"
pared   6   9   0 	0  1 1 1 0 0 0 0 0.24725 0.24725 0.0745 0.75164 0.60648 0.22648 0.628281 0.555802 0.366065 0.4 "../models/ground1.obj"
pared   6   9   0 	1  1 1 1 0 0 0 0 0.24725 0.24725 0.0745 0.75164 0.60648 0.22648 0.628281 0.555802 0.366065 0.4 "../models/ground1.obj"
pared   6   9   0 	2  1 1 1 0 0 0 0 0.24725 0.24725 0.0745 0.75164 0.60648 0.22648 0.628281 0.555802 0.366065 0.4 "../models/ground1.obj"
pared   6   9   0 	3  1 1 1 0 0 0 0 0.24725 0.24725 0.0745 0.75164 0.60648 0.22648 0.628281 0.555802 0.366065 0.4 "../models/ground1.obj"
pared   6   9   0 	4  1 1 1 0 0 0 0 0.24725 0.24725 0.0745 0.75164 0.60648 0.22648 0.628281 0.555802 0.366065 0.4 "../models/ground1.obj"
pared   6   9   0 	5  1 1 1 0 0 0 0 0.24725 0.24725 0.0745 0.75164 0.60648 0.22648 0.628281 0.555802 0.366065 0.4 "../models/ground1.obj"
pared   6   9   0 	6  1 1 1 0 0 0 0 0.24725 0.24725 0.0745 0.75164 0.60648 0.22648 0.628281 0.555802 0.366065 0.4 "../models/ground1.obj"
pared   6   9   0 	7  1 1 1 0 0 0 0 0.24725 0.24725 0.0745 0.75164 0.60648 0.22648 0.628281 0.555802 0.366065 0.4 "../models/ground1.obj"
pared   6   9   0 	8  1 1 1 0 0 0 0 0.24725 0.24725 0.0745 0.75164 0.60648 0.22648 0.628281 0.555802 0.366065 0.4 "../models/ground1.obj"

//otros
pared   6   3   0 	-8  1 1 1 0 0 0 0 0.24725 0.24725 0.0745 0.75164 0.60648 0.22648 0.628281 0.555802 0.366065 0.4 "../models/ground1.obj"
pared   6   3   0 	-7  1 1 1 0 0 0 0 0.24725 0.24725 0.0745 0.75164 0.60648 0.22648 0.628281 0.555802 0.366065 0.4 "../models/ground1.obj"
pared   6   3   0 	-6  1 1 1 0 0 0 0 0.24725 0.24725 0.0745 0.75164 0.60648 0.22648 0.628281 0.555802 0.366065 0.4 "../models/ground1.obj"
pared   6   3   0 	-5  1 1 1 0 0 0 0 0.24725 0.24725 0.0745 0.75164 0.60648 0.22648 0.628281 0.555802 0.366065 0.4 "../models/ground1.obj"
pared   6   3   0 	-4  1 1 1 0 0 0 0 0.24725 0.24725 0.0745 0.75164 0.60648 0.22648 0.628281 0.555802 0.366065 0.4 "../models/ground1.obj"
pared   6   3   0 	-3  1 1 1 0 0 0 0 0.24725 0.24725 0.0745 0.75164 0.60648 0.22648 0.628281 0.555802 0.366065 0.4 "../models/ground1.obj"
pared   6   3   0 	-2  1 1 1 0 0 0 0 0.24725 0.24725 0.0745 0.75164 0.60648 0.22648 0.628281 0.555802 0.366065 0.4 "../models/ground1.obj"
pared   6   3   0 	-1  1 1 1 0 0 0 0 0.24725 0.24725 0.0745 0.75164 0.60648 0.22648 0.628281 0.555802 0.366065 0.4 "../models/ground1.obj"
pared   6   3   0 	0  1 1 1 0 0 0 0 0.24725 0.24725 0.0745 0.75164 0.60648 0.22648 0.628281 0.555802 0.366065 0.4 "../models/ground1.obj"
pared   6   3   0 	1  1 1 1 0 0 0 0 0.24725 0.24725 0.0745 0.75164 0.60648 0.22648 0.628281 0.555802 0.366065 0.4 "../models/ground1.obj"
pared   6   3   0 	2  1 1 1 0 0 0 0 0.24725 0.24725 0.0745 0.75164 0.60648 0.22648 0.628281 0.555802 0.366065 0.4 "../models/ground1.obj"
pared   6   3   0 	3  1 1 1 0 0 0 0 0.24725 0.24725 0.0745 0.75164 0.60648 0.22648 0.628281 0.555802 0.366065 0.4 "../models/ground1.obj"
pared   6   3   0 	4  1 1 1 0 0 0 0 0.24725 0.24725 0.0745 0.75164 0.60648 0.22648 0.628281 0.555802 0.366065 0.4 "../models/ground1.obj"
pared   6   3   0 	5  1 1 1 0 0 0 0 0.24725 0.24725 0.0745 0.75164 0.60648 0.22648 0.628281 0.555802 0.366065 0.4 "../models/ground1.obj"
pared   6   4   0 	5  1 1 1 0 0 0 0 0.24725 0.24725 0.0745 0.75164 0.60648 0.22648 0.628281 0.555802 0.366065 0.4 "../models/ground1.obj"
pared   6   5   0 	5  1 1 1 0 0 0 0 0.24725 0.24725 0.0745 0.75164 0.60648 0.22648 0.628281 0.555802 0.366065 0.4 "../models/ground1.obj"
pared   6   6   0 	5  1 1 1 0 0 0 0 0.24725 0.24725 0.0745 0.75164 0.60648 0.22648 0.628281 0.555802 0.366065 0.4 "../models/ground1.obj"
pared   6   7   0 	5  1 1 1 0 0 0 0 0.24725 0.24725 0.0745 0.75164 0.60648 0.22648 0.628281 0.555802 0.366065 0.4 "../models/ground1.obj"
pared   6   8   0 	5  1 1 1 0 0 0 0 0.24725 0.24725 0.0745 0.75164 0.60648 0.22648 0.628281 0.555802 0.366065 0.4 "../models/ground1.obj"

pared   6   -7   0 	7  1 1 1 0 0 0 0 0.24725 0.24725 0.0745 0.75164 0.60648 0.22648 0.628281 0.555802 0.366065 0.4 "../models/ground1.obj"
pared   6   -6   0 	7  1 1 1 0 0 0 0 0.24725 0.24725 0.0745 0.75164 0.60648 0.22648 0.628281 0.555802 0.366065 0.4 "../models/ground1.obj"
pared   6   -5   0 	7  1 1 1 0 0 0 0 0.24725 0.24725 0.0745 0.75164 0.60648 0.22648 0.628281 0.555802 0.366065 0.4 "../models/ground1.obj"
pared   6   -4   0 	7  1 1 1 0 0 0 0 0.24725 0.24725 0.0745 0.75164 0.60648 0.22648 0.628281 0.555802 0.366065 0.4 "../models/ground1.obj"
pared   6   -3   0 	7  1 1 1 0 0 0 0 0.24725 0.24725 0.0745 0.75164 0.60648 0.22648 0.628281 0.555802 0.366065 0.4 "../models/ground1.obj"
pared   6   -2   0 	7  1 1 1 0 0 0 0 0.24725 0.24725 0.0745 0.75164 0.60648 0.22648 0.628281 0.555802 0.366065 0.4 "../models/ground1.obj"
pared   6   -1   0 	7  1 1 1 0 0 0 0 0.24725 0.24725 0.0745 0.75164 0.60648 0.22648 0.628281 0.555802 0.366065 0.4 "../models/ground1.obj"
pared   6   0   0 	7  1 1 1 0 0 0 0 0.24725 0.24725 0.0745 0.75164 0.60648 0.22648 0.628281 0.555802 0.366065 0.4 "../models/ground1.obj"
pared   6   1   0 	7  1 1 1 0 0 0 0 0.24725 0.24725 0.0745 0.75164 0.60648 0.22648 0.628281 0.555802 0.366065 0.4 "../models/ground1.obj"
pared   6   2   0 	7  1 1 1 0 0 0 0 0.24725 0.24725 0.0745 0.75164 0.60648 0.22648 0.628281 0.555802 0.366065 0.4 "../models/ground1.obj"
pared   6   3   0 	7  1 1 1 0 0 0 0 0.24725 0.24725 0.0745 0.75164 0.60648 0.22648 0.628281 0.555802 0.366065 0.4 "../models/ground1.obj"
pared   6   4   0 	7  1 1 1 0 0 0 0 0.24725 0.24725 0.0745 0.75164 0.60648 0.22648 0.628281 0.555802 0.366065 0.4 "../models/ground1.obj"
pared   6   5   0 	7  1 1 1 0 0 0 0 0.24725 0.24725 0.0745 0.75164 0.60648 0.22648 0.628281 0.555802 0.366065 0.4 "../models/ground1.obj"
pared   6   6   0 	7  1 1 1 0 0 0 0 0.24725 0.24725 0.0745 0.75164 0.60648 0.22648 0.628281 0.555802 0.366065 0.4 "../models/ground1.obj"
pared   6   7   0 	7  1 1 1 0 0 0 0 0.24725 0.24725 0.0745 0.75164 0.60648 0.22648 0.628281 0.555802 0.366065 0.4 "../models/ground1.obj"

pared   6   1   0 	6  1 1 1 0 0 0 0 0.24725 0.24725 0.0745 0.75164 0.60648 0.22648 0.628281 0.555802 0.366065 0.4 "../models/ground1.obj"
pared   6   1   0 	5  1 1 1 0 0 0 0 0.24725 0.24725 0.0745 0.75164 0.60648 0.22648 0.628281 0.555802 0.366065 0.4 "../models/ground1.obj"
pared   6   1   0 	4  1 1 1 0 0 0 0 0.24725 0.24725 0.0745 0.75164 0.60648 0.22648 0.628281 0.555802 0.366065 0.4 "../models/ground1.obj"
pared   6   1   0 	3  1 1 1 0 0 0 0 0.24725 0.24725 0.0745 0.75164 0.60648 0.22648 0.628281 0.555802 0.366065 0.4 "../models/ground1.obj"
pared   6   1   0 	2  1 1 1 0 0 0 0 0.24725 0.24725 0.0745 0.75164 0.60648 0.22648 0.628281 0.555802 0.366065 0.4 "../models/ground1.obj"
pared   6   1   0 	1  1 1 1 0 0 0 0 0.24725 0.24725 0.0745 0.75164 0.60648 0.22648 0.628281 0.555802 0.366065 0.4 "../models/ground1.obj"
pared   6   1   0 	0  1 1 1 0 0 0 0 0.24725 0.24725 0.0745 0.75164 0.60648 0.22648 0.628281 0.555802 0.366065 0.4 "../models/ground1.obj"
pared   6   1   0 	-1  1 1 1 0 0 0 0 0.24725 0.24725 0.0745 0.75164 0.60648 0.22648 0.628281 0.555802 0.366065 0.4 "../models/ground1.obj"
pared   6   1   0 	-2  1 1 1 0 0 0 0 0.24725 0.24725 0.0745 0.75164 0.60648 0.22648 0.628281 0.555802 0.366065 0.4 "../models/ground1.obj"
pared   6   1   0 	-3  1 1 1 0 0 0 0 0.24725 0.24725 0.0745 0.75164 0.60648 0.22648 0.628281 0.555802 0.366065 0.4 "../models/ground1.obj"
pared   6   1   0 	-4  1 1 1 0 0 0 0 0.24725 0.24725 0.0745 0.75164 0.60648 0.22648 0.628281 0.555802 0.366065 0.4 "../models/ground1.obj"
pared   6   1   0 	-5  1 1 1 0 0 0 0 0.24725 0.24725 0.0745 0.75164 0.60648 0.22648 0.628281 0.555802 0.366065 0.4 "../models/ground1.obj"
pared   6   1   0 	-6  1 1 1 0 0 0 0 0.24725 0.24725 0.0745 0.75164 0.60648 0.22648 0.628281 0.555802 0.366065 0.4 "../models/ground1.obj"
pared   6   1   0 	-7  1 1 1 0 0 0 0 0.24725 0.24725 0.0745 0.75164 0.60648 0.22648 0.628281 0.555802 0.366065 0.4 "../models/ground1.obj"

pared   6   -8   0 	-7  1 1 1 0 0 0 0 0.24725 0.24725 0.0745 0.75164 0.60648 0.22648 0.628281 0.555802 0.366065 0.4 "../models/ground1.obj"
pared   6   -7   0 	-7  1 1 1 0 0 0 0 0.24725 0.24725 0.0745 0.75164 0.60648 0.22648 0.628281 0.555802 0.366065 0.4 "../models/ground1.obj"
pared   6   -6   0 	-7  1 1 1 0 0 0 0 0.24725 0.24725 0.0745 0.75164 0.60648 0.22648 0.628281 0.555802 0.366065 0.4 "../models/ground1.obj"
pared   6   -5   0 	-7  1 1 1 0 0 0 0 0.24725 0.24725 0.0745 0.75164 0.60648 0.22648 0.628281 0.555802 0.366065 0.4 "../models/ground1.obj"
pared   6   -4   0 	-7  1 1 1 0 0 0 0 0.24725 0.24725 0.0745 0.75164 0.60648 0.22648 0.628281 0.555802 0.366065 0.4 "../models/ground1.obj"
pared   6   -3   0 	-7  1 1 1 0 0 0 0 0.24725 0.24725 0.0745 0.75164 0.60648 0.22648 0.628281 0.555802 0.366065 0.4 "../models/ground1.obj"
pared   6   -2   0 	-7  1 1 1 0 0 0 0 0.24725 0.24725 0.0745 0.75164 0.60648 0.22648 0.628281 0.555802 0.366065 0.4 "../models/ground1.obj"
pared   6   -1   0 	-7  1 1 1 0 0 0 0 0.24725 0.24725 0.0745 0.75164 0.60648 0.22648 0.628281 0.555802 0.366065 0.4 "../models/ground1.obj"
pared   6   0   0 	-7  1 1 1 0 0 0 0 0.24725 0.24725 0.0745 0.75164 0.60648 0.22648 0.628281 0.555802 0.366065 0.4 "../models/ground1.obj"

pared   6   -7   0 	-1  1 1 1 0 0 0 0 0.24725 0.24725 0.0745 0.75164 0.60648 0.22648 0.628281 0.555802 0.366065 0.4 "../models/ground1.obj"
pared   6   -6   0 	-1  1 1 1 0 0 0 0 0.24725 0.24725 0.0745 0.75164 0.60648 0.22648 0.628281 0.555802 0.366065 0.4 "../models/ground1.obj"
pared   6   -5   0 	-1  1 1 1 0 0 0 0 0.24725 0.24725 0.0745 0.75164 0.60648 0.22648 0.628281 0.555802 0.366065 0.4 "../models/ground1.obj"
pared   6   -4   0 	-1  1 1 1 0 0 0 0 0.24725 0.24725 0.0745 0.75164 0.60648 0.22648 0.628281 0.555802 0.366065 0.4 "../models/ground1.obj"
pared   6   -3   0 	-1  1 1 1 0 0 0 0 0.24725 0.24725 0.0745 0.75164 0.60648 0.22648 0.628281 0.555802 0.366065 0.4 "../models/ground1.obj"
pared   6   -2   0 	-1  1 1 1 0 0 0 0 0.24725 0.24725 0.0745 0.75164 0.60648 0.22648 0.628281 0.555802 0.366065 0.4 "../models/ground1.obj"
pared   6   -1   0 	-1  1 1 1 0 0 0 0 0.24725 0.24725 0.0745 0.75164 0.60648 0.22648 0.628281 0.555802 0.366065 0.4 "../models/ground1.obj"

pared   6   -7   0 	1  1 1 1 0 0 0 0 0.24725 0.24725 0.0745 0.75164 0.60648 0.22648 0.628281 0.555802 0.366065 0.4 "../models/ground1.obj"
pared   6   -6   0 	1  1 1 1 0 0 0 0 0.24725 0.24725 0.0745 0.75164 0.60648 0.22648 0.628281 0.555802 0.366065 0.4 "../models/ground1.obj"
pared   6   -5   0 	1  1 1 1 0 0 0 0 0.24725 0.24725 0.0745 0.75164 0.60648 0.22648 0.628281 0.555802 0.366065 0.4 "../models/ground1.obj"
pared   6   -4   0 	1  1 1 1 0 0 0 0 0.24725 0.24725 0.0745 0.75164 0.60648 0.22648 0.628281 0.555802 0.366065 0.4 "../models/ground1.obj"
pared   6   -3   0 	1  1 1 1 0 0 0 0 0.24725 0.24725 0.0745 0.75164 0.60648 0.22648 0.628281 0.555802 0.366065 0.4 "../models/ground1.obj"
pared   6   -2   0 	1  1 1 1 0 0 0 0 0.24725 0.24725 0.0745 0.75164 0.60648 0.22648 0.628281 0.555802 0.366065 0.4 "../models/ground1.obj"
pared   6   -1   0 	1  1 1 1 0 0 0 0 0.24725 0.24725 0.0745 0.75164 0.60648 0.22648 0.628281 0.555802 0.366065 0.4 "../models/ground1.obj"

pared   6   -7   0 	-6  1 1 1 0 0 0 0 0.24725 0.24725 0.0745 0.75164 0.60648 0.22648 0.628281 0.555802 0.366065 0.4 "../models/ground1.obj"
pared   6   -7   0 	-5  1 1 1 0 0 0 0 0.24725 0.24725 0.0745 0.75164 0.60648 0.22648 0.628281 0.555802 0.366065 0.4 "../models/ground1.obj"
pared   6   -7   0 	-4  1 1 1 0 0 0 0 0.24725 0.24725 0.0745 0.75164 0.60648 0.22648 0.628281 0.555802 0.366065 0.4 "../models/ground1.obj"
pared   6   -7   0 	-3  1 1 1 0 0 0 0 0.24725 0.24725 0.0745 0.75164 0.60648 0.22648 0.628281 0.555802 0.366065 0.4 "../models/ground1.obj"

pared   6   -5   0 	-5  1 1 1 0 0 0 0 0.24725 0.24725 0.0745 0.75164 0.60648 0.22648 0.628281 0.555802 0.366065 0.4 "../models/ground1.obj"
pared   6   -5   0 	-4  1 1 1 0 0 0 0 0.24725 0.24725 0.0745 0.75164 0.60648 0.22648 0.628281 0.555802 0.366065 0.4 "../models/ground1.obj"
pared   6   -5   0 	-3  1 1 1 0 0 0 0 0.24725 0.24725 0.0745 0.75164 0.60648 0.22648 0.628281 0.555802 0.366065 0.4 "../models/ground1.obj"
pared   6   -5   0 	-2  1 1 1 0 0 0 0 0.24725 0.24725 0.0745 0.75164 0.60648 0.22648 0.628281 0.555802 0.366065 0.4 "../models/ground1.obj"

pared   6   -3   0 	-6  1 1 1 0 0 0 0 0.24725 0.24725 0.0745 0.75164 0.60648 0.22648 0.628281 0.555802 0.366065 0.4 "../models/ground1.obj"
pared   6   -3   0 	-5  1 1 1 0 0 0 0 0.24725 0.24725 0.0745 0.75164 0.60648 0.22648 0.628281 0.555802 0.366065 0.4 "../models/ground1.obj"
pared   6   -3   0 	-4  1 1 1 0 0 0 0 0.24725 0.24725 0.0745 0.75164 0.60648 0.22648 0.628281 0.555802 0.366065 0.4 "../models/ground1.obj"
pared   6   -3   0 	-3  1 1 1 0 0 0 0 0.24725 0.24725 0.0745 0.75164 0.60648 0.22648 0.628281 0.555802 0.366065 0.4 "../models/ground1.obj"

pared   6   -1   0 	-5  1 1 1 0 0 0 0 0.24725 0.24725 0.0745 0.75164 0.60648 0.22648 0.628281 0.555802 0.366065 0.4 "../models/ground1.obj"
pared   6   -1   0 	-4  1 1 1 0 0 0 0 0.24725 0.24725 0.0745 0.75164 0.60648 0.22648 0.628281 0.555802 0.366065 0.4 "../models/ground1.obj"
pared   6   -1   0 	-3  1 1 1 0 0 0 0 0.24725 0.24725 0.0745 0.75164 0.60648 0.22648 0.628281 0.555802 0.366065 0.4 "../models/ground1.obj"
pared   6   -1   0 	-2  1 1 1 0 0 0 0 0.24725 0.24725 0.0745 0.75164 0.60648 0.22648 0.628281 0.555802 0.366065 0.4 "../models/ground1.obj"
pared   6   -1   0 	2  1 1 1 0 0 0 0 0.24725 0.24725 0.0745 0.75164 0.60648 0.22648 0.628281 0.555802 0.366065 0.4 "../models/ground1.obj"
pared   6   -1   0 	3  1 1 1 0 0 0 0 0.24725 0.24725 0.0745 0.75164 0.60648 0.22648 0.628281 0.555802 0.366065 0.4 "../models/ground1.obj"
pared   6   -1   0 	4  1 1 1 0 0 0 0 0.24725 0.24725 0.0745 0.75164 0.60648 0.22648 0.628281 0.555802 0.366065 0.4 "../models/ground1.obj"
pared   6   -1   0 	5  1 1 1 0 0 0 0 0.24725 0.24725 0.0745 0.75164 0.60648 0.22648 0.628281 0.555802 0.366065 0.4 "../models/ground1.obj"

pared   6   -3   0 	2  1 1 1 0 0 0 0 0.24725 0.24725 0.0745 0.75164 0.60648 0.22648 0.628281 0.555802 0.366065 0.4 "../models/ground1.obj"
pared   6   -3   0 	4  1 1 1 0 0 0 0 0.24725 0.24725 0.0745 0.75164 0.60648 0.22648 0.628281 0.555802 0.366065 0.4 "../models/ground1.obj"
pared   6   -4   0 	5  1 1 1 0 0 0 0 0.24725 0.24725 0.0745 0.75164 0.60648 0.22648 0.628281 0.555802 0.366065 0.4 "../models/ground1.obj"
pared   6   -5   0 	3  1 1 1 0 0 0 0 0.24725 0.24725 0.0745 0.75164 0.60648 0.22648 0.628281 0.555802 0.366065 0.4 "../models/ground1.obj"
pared   6   -6   0 	2  1 1 1 0 0 0 0 0.24725 0.24725 0.0745 0.75164 0.60648 0.22648 0.628281 0.555802 0.366065 0.4 "../models/ground1.obj"
pared   6   -6   0 	5  1 1 1 0 0 0 0 0.24725 0.24725 0.0745 0.75164 0.60648 0.22648 0.628281 0.555802 0.366065 0.4 "../models/ground1.obj"
pared   6   -7   0 	3  1 1 1 0 0 0 0 0.24725 0.24725 0.0745 0.75164 0.60648 0.22648 0.628281 0.555802 0.366065 0.4 "../models/ground1.obj"
pared   6   -8   0 	5  1 1 1 0 0 0 0 0.24725 0.24725 0.0745 0.75164 0.60648 0.22648 0.628281 0.555802 0.366065 0.4 "../models/ground1.obj"
pared   6   -3   0 	6  1 1 1 0 0 0 0 0.24725 0.24725 0.0745 0.75164 0.60648 0.22648 0.628281 0.555802 0.366065 0.4 "../models/ground1.obj"


jugador 5   0   0   0   1 1 1 0 0 0 0 0.24725 0.24725 0.0745 0.75164 0.60648 0.22648 0.628281 0.555802 0.366065 0.4 "../models/ground1.obj"