//pared ../models/ground1.obj texture_numbe x y z tam_x tam_y tam_z rot_x rot_y rot_z rot_w

piso    0   0   0   0   20 0.0777 20 0 0 0 0 0.24725 0.24725 0.0745 0.75164 0.60648 0.22648 0.628281 0.555802 0.366065 0.4 "../models/ground1.obj"
pista -1   28  -0.028  -2.5  0.25 20 0.25 0 0 0 0 0.0215	0.1745	0.0215	0.07568	0.61424	0.07568	0.633	0.727811	0.633	0.6 "../models/cylinder.obj"
llegada 5  7   -4  0  1 0.108 1 0 0 0 0 0.24725 0.24725 0.0745 0.75164 0.60648 0.22648 0.628281 0.555802 0.366065 0.4 "../models/ground1.obj"

//Borde de 8
pared   9   8   0   -8  1 1 1 0 0 0 0 0.24725 0.24725 0.0745 0.75164 0.60648 0.22648 0.628281 0.555802 0.366065 0.4 "../models/ground1.obj"
pared   9   8 	0   8  1 1 1 0 0 0 0 0.24725 0.24725 0.0745 0.75164 0.60648 0.22648 0.628281 0.555802 0.366065 0.4 "../models/ground1.obj"
pared   9   -8 	0   -8  1 1 1 0 0 0 0 0.24725 0.24725 0.0745 0.75164 0.60648 0.22648 0.628281 0.555802 0.366065 0.4 "../models/ground1.obj"
pared   9   -8 	0   8  1 1 1 0 0 0 0 0.24725 0.24725 0.0745 0.75164 0.60648 0.22648 0.628281 0.555802 0.366065 0.4 "../models/ground1.obj"

pared   9   -7 	0   -8  1 1 1 0 0 0 0 0.24725 0.24725 0.0745 0.75164 0.60648 0.22648 0.628281 0.555802 0.366065 0.4 "../models/ground1.obj"
pared   9   -6 	0   -8  1 1 1 0 0 0 0 0.24725 0.24725 0.0745 0.75164 0.60648 0.22648 0.628281 0.555802 0.366065 0.4 "../models/ground1.obj"
pared   9   -5 	0   -8  1 1 1 0 0 0 0 0.24725 0.24725 0.0745 0.75164 0.60648 0.22648 0.628281 0.555802 0.366065 0.4 "../models/ground1.obj"
pared   9   -4 	0   -8  1 1 1 0 0 0 0 0.24725 0.24725 0.0745 0.75164 0.60648 0.22648 0.628281 0.555802 0.366065 0.4 "../models/ground1.obj"
pared   9   -3 	0   -8  1 1 1 0 0 0 0 0.24725 0.24725 0.0745 0.75164 0.60648 0.22648 0.628281 0.555802 0.366065 0.4 "../models/ground1.obj"
pared   9   -2 	0   -8  1 1 1 0 0 0 0 0.24725 0.24725 0.0745 0.75164 0.60648 0.22648 0.628281 0.555802 0.366065 0.4 "../models/ground1.obj"
pared   9   -1 	0   -8  1 1 1 0 0 0 0 0.24725 0.24725 0.0745 0.75164 0.60648 0.22648 0.628281 0.555802 0.366065 0.4 "../models/ground1.obj"
pared   9   0	0   -8  1 1 1 0 0 0 0 0.24725 0.24725 0.0745 0.75164 0.60648 0.22648 0.628281 0.555802 0.366065 0.4 "../models/ground1.obj"
pared   9   1   0   -8  1 1 1 0 0 0 0 0.24725 0.24725 0.0745 0.75164 0.60648 0.22648 0.628281 0.555802 0.366065 0.4 "../models/ground1.obj"
pared   9   2   0   -8  1 1 1 0 0 0 0 0.24725 0.24725 0.0745 0.75164 0.60648 0.22648 0.628281 0.555802 0.366065 0.4 "../models/ground1.obj"
pared   9   3   0   -8  1 1 1 0 0 0 0 0.24725 0.24725 0.0745 0.75164 0.60648 0.22648 0.628281 0.555802 0.366065 0.4 "../models/ground1.obj"
pared   9   4   0   -8  1 1 1 0 0 0 0 0.24725 0.24725 0.0745 0.75164 0.60648 0.22648 0.628281 0.555802 0.366065 0.4 "../models/ground1.obj"
pared   9   5   0   -8  1 1 1 0 0 0 0 0.24725 0.24725 0.0745 0.75164 0.60648 0.22648 0.628281 0.555802 0.366065 0.4 "../models/ground1.obj"
pared   9   6   0   -8  1 1 1 0 0 0 0 0.24725 0.24725 0.0745 0.75164 0.60648 0.22648 0.628281 0.555802 0.366065 0.4 "../models/ground1.obj"
pared   9   7   0   -8  1 1 1 0 0 0 0 0.24725 0.24725 0.0745 0.75164 0.60648 0.22648 0.628281 0.555802 0.366065 0.4 "../models/ground1.obj"
pared   9   -7  0   8  1 1 1 0 0 0 0 0.24725 0.24725 0.0745 0.75164 0.60648 0.22648 0.628281 0.555802 0.366065 0.4 "../models/ground1.obj"
pared   9   -6  0   8  1 1 1 0 0 0 0 0.24725 0.24725 0.0745 0.75164 0.60648 0.22648 0.628281 0.555802 0.366065 0.4 "../models/ground1.obj"
pared   9   -5  0   8  1 1 1 0 0 0 0 0.24725 0.24725 0.0745 0.75164 0.60648 0.22648 0.628281 0.555802 0.366065 0.4 "../models/ground1.obj"
pared   9   -4  0   8  1 1 1 0 0 0 0 0.24725 0.24725 0.0745 0.75164 0.60648 0.22648 0.628281 0.555802 0.366065 0.4 "../models/ground1.obj"
pared   9   -3  0   8  1 1 1 0 0 0 0 0.24725 0.24725 0.0745 0.75164 0.60648 0.22648 0.628281 0.555802 0.366065 0.4 "../models/ground1.obj"
pared   9   -2  0   8  1 1 1 0 0 0 0 0.24725 0.24725 0.0745 0.75164 0.60648 0.22648 0.628281 0.555802 0.366065 0.4 "../models/ground1.obj"
pared   9   -1  0   8  1 1 1 0 0 0 0 0.24725 0.24725 0.0745 0.75164 0.60648 0.22648 0.628281 0.555802 0.366065 0.4 "../models/ground1.obj"
pared   9   0   0   8  1 1 1 0 0 0 0 0.24725 0.24725 0.0745 0.75164 0.60648 0.22648 0.628281 0.555802 0.366065 0.4 "../models/ground1.obj"
pared   9   1   0   8  1 1 1 0 0 0 0 0.24725 0.24725 0.0745 0.75164 0.60648 0.22648 0.628281 0.555802 0.366065 0.4 "../models/ground1.obj"
pared   9   2   0   8  1 1 1 0 0 0 0 0.24725 0.24725 0.0745 0.75164 0.60648 0.22648 0.628281 0.555802 0.366065 0.4 "../models/ground1.obj"
pared   9   3   0   8  1 1 1 0 0 0 0 0.24725 0.24725 0.0745 0.75164 0.60648 0.22648 0.628281 0.555802 0.366065 0.4 "../models/ground1.obj"
pared   9   4   0   8  1 1 1 0 0 0 0 0.24725 0.24725 0.0745 0.75164 0.60648 0.22648 0.628281 0.555802 0.366065 0.4 "../models/ground1.obj"
pared   9   5   0   8  1 1 1 0 0 0 0 0.24725 0.24725 0.0745 0.75164 0.60648 0.22648 0.628281 0.555802 0.366065 0.4 "../models/ground1.obj"
pared   9   6   0   8  1 1 1 0 0 0 0 0.24725 0.24725 0.0745 0.75164 0.60648 0.22648 0.628281 0.555802 0.366065 0.4 "../models/ground1.obj"
pared   9   7   0   8  1 1 1 0 0 0 0 0.24725 0.24725 0.0745 0.75164 0.60648 0.22648 0.628281 0.555802 0.366065 0.4 "../models/ground1.obj"

pared   9  -8    0   -7 	    1 1 1 0 0 0 0 0.24725 0.24725 0.0745 0.75164 0.60648 0.22648 0.628281 0.555802 0.366065 0.4 "../models/ground1.obj"
pared   9  -8    0   -6 	    1 1 1 0 0 0 0 0.24725 0.24725 0.0745 0.75164 0.60648 0.22648 0.628281 0.555802 0.366065 0.4 "../models/ground1.obj"
pared   9  -8    0   -5 	    1 1 1 0 0 0 0 0.24725 0.24725 0.0745 0.75164 0.60648 0.22648 0.628281 0.555802 0.366065 0.4 "../models/ground1.obj"
pared   9  -8    0   -4 	    1 1 1 0 0 0 0 0.24725 0.24725 0.0745 0.75164 0.60648 0.22648 0.628281 0.555802 0.366065 0.4 "../models/ground1.obj"
pared   9  -8    0   -3 	    1 1 1 0 0 0 0 0.24725 0.24725 0.0745 0.75164 0.60648 0.22648 0.628281 0.555802 0.366065 0.4 "../models/ground1.obj"
pared   9  -8    0   -2 	    1 1 1 0 0 0 0 0.24725 0.24725 0.0745 0.75164 0.60648 0.22648 0.628281 0.555802 0.366065 0.4 "../models/ground1.obj"
pared   9  -8    0   -1 	    1 1 1 0 0 0 0 0.24725 0.24725 0.0745 0.75164 0.60648 0.22648 0.628281 0.555802 0.366065 0.4 "../models/ground1.obj"
pared   9  -8    0    0	    1 1 1 0 0 0 0 0.24725 0.24725 0.0745 0.75164 0.60648 0.22648 0.628281 0.555802 0.366065 0.4 "../models/ground1.obj"
pared   9  -8    0   1       1 1 1 0 0 0 0 0.24725 0.24725 0.0745 0.75164 0.60648 0.22648 0.628281 0.555802 0.366065 0.4 "../models/ground1.obj"
pared   9  -8    0   2       1 1 1 0 0 0 0 0.24725 0.24725 0.0745 0.75164 0.60648 0.22648 0.628281 0.555802 0.366065 0.4 "../models/ground1.obj"
pared   9  -8    0   3       1 1 1 0 0 0 0 0.24725 0.24725 0.0745 0.75164 0.60648 0.22648 0.628281 0.555802 0.366065 0.4 "../models/ground1.obj"
pared   9  -8    0   4       1 1 1 0 0 0 0 0.24725 0.24725 0.0745 0.75164 0.60648 0.22648 0.628281 0.555802 0.366065 0.4 "../models/ground1.obj"
pared   9  -8    0   5       1 1 1 0 0 0 0 0.24725 0.24725 0.0745 0.75164 0.60648 0.22648 0.628281 0.555802 0.366065 0.4 "../models/ground1.obj"
pared   9  -8    0   6       1 1 1 0 0 0 0 0.24725 0.24725 0.0745 0.75164 0.60648 0.22648 0.628281 0.555802 0.366065 0.4 "../models/ground1.obj"
pared   9  -8    0    7      1 1 1 0 0 0 0 0.24725 0.24725 0.0745 0.75164 0.60648 0.22648 0.628281 0.555802 0.366065 0.4 "../models/ground1.obj"
pared   9  8     0   -7     1 1 1 0 0 0 0 0.24725 0.24725 0.0745 0.75164 0.60648 0.22648 0.628281 0.555802 0.366065 0.4 "../models/ground1.obj"
pared   9  8     0   -6     1 1 1 0 0 0 0 0.24725 0.24725 0.0745 0.75164 0.60648 0.22648 0.628281 0.555802 0.366065 0.4 "../models/ground1.obj"
pared   9  8     0   -5     1 1 1 0 0 0 0 0.24725 0.24725 0.0745 0.75164 0.60648 0.22648 0.628281 0.555802 0.366065 0.4 "../models/ground1.obj"
pared   9  8     0   -4     1 1 1 0 0 0 0 0.24725 0.24725 0.0745 0.75164 0.60648 0.22648 0.628281 0.555802 0.366065 0.4 "../models/ground1.obj"
pared   9  8     0   -3     1 1 1 0 0 0 0 0.24725 0.24725 0.0745 0.75164 0.60648 0.22648 0.628281 0.555802 0.366065 0.4 "../models/ground1.obj"
pared   9  8     0   -2     1 1 1 0 0 0 0 0.24725 0.24725 0.0745 0.75164 0.60648 0.22648 0.628281 0.555802 0.366065 0.4 "../models/ground1.obj"
pared   9  8     0   -1     1 1 1 0 0 0 0 0.24725 0.24725 0.0745 0.75164 0.60648 0.22648 0.628281 0.555802 0.366065 0.4 "../models/ground1.obj"
pared   9  8     0   0      1 1 1 0 0 0 0 0.24725 0.24725 0.0745 0.75164 0.60648 0.22648 0.628281 0.555802 0.366065 0.4 "../models/ground1.obj"
pared   9  8     0   1      1 1 1 0 0 0 0 0.24725 0.24725 0.0745 0.75164 0.60648 0.22648 0.628281 0.555802 0.366065 0.4 "../models/ground1.obj"
pared   9  8     0   2      1 1 1 0 0 0 0 0.24725 0.24725 0.0745 0.75164 0.60648 0.22648 0.628281 0.555802 0.366065 0.4 "../models/ground1.obj"
pared   9  8     0   3      1 1 1 0 0 0 0 0.24725 0.24725 0.0745 0.75164 0.60648 0.22648 0.628281 0.555802 0.366065 0.4 "../models/ground1.obj"
pared   9  8     0   4      1 1 1 0 0 0 0 0.24725 0.24725 0.0745 0.75164 0.60648 0.22648 0.628281 0.555802 0.366065 0.4 "../models/ground1.obj"
pared   9  8     0   5      1 1 1 0 0 0 0 0.24725 0.24725 0.0745 0.75164 0.60648 0.22648 0.628281 0.555802 0.366065 0.4 "../models/ground1.obj"
pared   9  8     0   6      1 1 1 0 0 0 0 0.24725 0.24725 0.0745 0.75164 0.60648 0.22648 0.628281 0.555802 0.366065 0.4 "../models/ground1.obj"
pared   9  8     0   7      1 1 1 0 0 0 0 0.24725 0.24725 0.0745 0.75164 0.60648 0.22648 0.628281 0.555802 0.366065 0.4 "../models/ground1.obj"


//Otros
pared   9   -7   0   -1  1 1 1 0 0 0 0 0.24725 0.24725 0.0745 0.75164 0.60648 0.22648 0.628281 0.555802 0.366065 0.4 "../models/ground1.obj"
pared   9   -6   0   -1  1 1 1 0 0 0 0 0.24725 0.24725 0.0745 0.75164 0.60648 0.22648 0.628281 0.555802 0.366065 0.4 "../models/ground1.obj"
pared   9   -5   0   -1  1 1 1 0 0 0 0 0.24725 0.24725 0.0745 0.75164 0.60648 0.22648 0.628281 0.555802 0.366065 0.4 "../models/ground1.obj"
pared   9   -4   0   -1  1 1 1 0 0 0 0 0.24725 0.24725 0.0745 0.75164 0.60648 0.22648 0.628281 0.555802 0.366065 0.4 "../models/ground1.obj"
pared   9   -3   0   -1  1 1 1 0 0 0 0 0.24725 0.24725 0.0745 0.75164 0.60648 0.22648 0.628281 0.555802 0.366065 0.4 "../models/ground1.obj"
pared   9   -2   0   -1  1 1 1 0 0 0 0 0.24725 0.24725 0.0745 0.75164 0.60648 0.22648 0.628281 0.555802 0.366065 0.4 "../models/ground1.obj"

pared   9   -7   0   1  1 1 1 0 0 0 0 0.24725 0.24725 0.0745 0.75164 0.60648 0.22648 0.628281 0.555802 0.366065 0.4 "../models/ground1.obj"
pared   9   -6   0   1  1 1 1 0 0 0 0 0.24725 0.24725 0.0745 0.75164 0.60648 0.22648 0.628281 0.555802 0.366065 0.4 "../models/ground1.obj"
pared   9   -5   0   1  1 1 1 0 0 0 0 0.24725 0.24725 0.0745 0.75164 0.60648 0.22648 0.628281 0.555802 0.366065 0.4 "../models/ground1.obj"
pared   9   -4   0   1  1 1 1 0 0 0 0 0.24725 0.24725 0.0745 0.75164 0.60648 0.22648 0.628281 0.555802 0.366065 0.4 "../models/ground1.obj"
pared   9   -3   0   1  1 1 1 0 0 0 0 0.24725 0.24725 0.0745 0.75164 0.60648 0.22648 0.628281 0.555802 0.366065 0.4 "../models/ground1.obj"
pared   9   -2   0   1  1 1 1 0 0 0 0 0.24725 0.24725 0.0745 0.75164 0.60648 0.22648 0.628281 0.555802 0.366065 0.4 "../models/ground1.obj"

pared   9   -6   0   3  1 1 1 0 0 0 0 0.24725 0.24725 0.0745 0.75164 0.60648 0.22648 0.628281 0.555802 0.366065 0.4 "../models/ground1.obj"
pared   9   -5   0   3  1 1 1 0 0 0 0 0.24725 0.24725 0.0745 0.75164 0.60648 0.22648 0.628281 0.555802 0.366065 0.4 "../models/ground1.obj"
pared   9   -4   0   3  1 1 1 0 0 0 0 0.24725 0.24725 0.0745 0.75164 0.60648 0.22648 0.628281 0.555802 0.366065 0.4 "../models/ground1.obj"
pared   9   -3   0   3  1 1 1 0 0 0 0 0.24725 0.24725 0.0745 0.75164 0.60648 0.22648 0.628281 0.555802 0.366065 0.4 "../models/ground1.obj"
pared   9   -2   0   3  1 1 1 0 0 0 0 0.24725 0.24725 0.0745 0.75164 0.60648 0.22648 0.628281 0.555802 0.366065 0.4 "../models/ground1.obj"
pared   9   -1   0   3  1 1 1 0 0 0 0 0.24725 0.24725 0.0745 0.75164 0.60648 0.22648 0.628281 0.555802 0.366065 0.4 "../models/ground1.obj"

pared   9   -7   0   5  1 1 1 0 0 0 0 0.24725 0.24725 0.0745 0.75164 0.60648 0.22648 0.628281 0.555802 0.366065 0.4 "../models/ground1.obj"
pared   9   -6   0   5  1 1 1 0 0 0 0 0.24725 0.24725 0.0745 0.75164 0.60648 0.22648 0.628281 0.555802 0.366065 0.4 "../models/ground1.obj"
pared   9   -5   0   5  1 1 1 0 0 0 0 0.24725 0.24725 0.0745 0.75164 0.60648 0.22648 0.628281 0.555802 0.366065 0.4 "../models/ground1.obj"
pared   9   -4   0   5  1 1 1 0 0 0 0 0.24725 0.24725 0.0745 0.75164 0.60648 0.22648 0.628281 0.555802 0.366065 0.4 "../models/ground1.obj"
pared   9   -3   0   5  1 1 1 0 0 0 0 0.24725 0.24725 0.0745 0.75164 0.60648 0.22648 0.628281 0.555802 0.366065 0.4 "../models/ground1.obj"
pared   9   -2   0   5  1 1 1 0 0 0 0 0.24725 0.24725 0.0745 0.75164 0.60648 0.22648 0.628281 0.555802 0.366065 0.4 "../models/ground1.obj"

pared   9   -2   0   -2  1 1 1 0 0 0 0 0.24725 0.24725 0.0745 0.75164 0.60648 0.22648 0.628281 0.555802 0.366065 0.4 "../models/ground1.obj"
pared   9   -5   0   -3  1 1 1 0 0 0 0 0.24725 0.24725 0.0745 0.75164 0.60648 0.22648 0.628281 0.555802 0.366065 0.4 "../models/ground1.obj"
pared   9   -7   0   -2  1 1 1 0 0 0 0 0.24725 0.24725 0.0745 0.75164 0.60648 0.22648 0.628281 0.555802 0.366065 0.4 "../models/ground1.obj"
pared   9   -7   0   -6  1 1 1 0 0 0 0 0.24725 0.24725 0.0745 0.75164 0.60648 0.22648 0.628281 0.555802 0.366065 0.4 "../models/ground1.obj"

pared   9   -6   0   -4  1 1 1 0 0 0 0 0.24725 0.24725 0.0745 0.75164 0.60648 0.22648 0.628281 0.555802 0.366065 0.4 "../models/ground1.obj"
pared   9   -5   0   -4  1 1 1 0 0 0 0 0.24725 0.24725 0.0745 0.75164 0.60648 0.22648 0.628281 0.555802 0.366065 0.4 "../models/ground1.obj"
pared   9   -4   0   -4  1 1 1 0 0 0 0 0.24725 0.24725 0.0745 0.75164 0.60648 0.22648 0.628281 0.555802 0.366065 0.4 "../models/ground1.obj"
pared   9   -3   0   -4  1 1 1 0 0 0 0 0.24725 0.24725 0.0745 0.75164 0.60648 0.22648 0.628281 0.555802 0.366065 0.4 "../models/ground1.obj"
pared   9   -2   0   -4  1 1 1 0 0 0 0 0.24725 0.24725 0.0745 0.75164 0.60648 0.22648 0.628281 0.555802 0.366065 0.4 "../models/ground1.obj"
pared   9   -1   0   -4  1 1 1 0 0 0 0 0.24725 0.24725 0.0745 0.75164 0.60648 0.22648 0.628281 0.555802 0.366065 0.4 "../models/ground1.obj"
pared   9   0   0   -4  1 1 1 0 0 0 0 0.24725 0.24725 0.0745 0.75164 0.60648 0.22648 0.628281 0.555802 0.366065 0.4 "../models/ground1.obj"



pared   9   -5   0   -7  1 1 1 0 0 0 0 0.24725 0.24725 0.0745 0.75164 0.60648 0.22648 0.628281 0.555802 0.366065 0.4 "../models/ground1.obj"
pared   9   -5   0   -6  1 1 1 0 0 0 0 0.24725 0.24725 0.0745 0.75164 0.60648 0.22648 0.628281 0.555802 0.366065 0.4 "../models/ground1.obj"
pared   9   -3   0   -6  1 1 1 0 0 0 0 0.24725 0.24725 0.0745 0.75164 0.60648 0.22648 0.628281 0.555802 0.366065 0.4 "../models/ground1.obj"
pared   9   -3   0   -5  1 1 1 0 0 0 0 0.24725 0.24725 0.0745 0.75164 0.60648 0.22648 0.628281 0.555802 0.366065 0.4 "../models/ground1.obj"
pared   9   -1   0   -7  1 1 1 0 0 0 0 0.24725 0.24725 0.0745 0.75164 0.60648 0.22648 0.628281 0.555802 0.366065 0.4 "../models/ground1.obj"
pared   9   -1   0   -6  1 1 1 0 0 0 0 0.24725 0.24725 0.0745 0.75164 0.60648 0.22648 0.628281 0.555802 0.366065 0.4 "../models/ground1.obj"
pared   9   0   0   -7  1 1 1 0 0 0 0 0.24725 0.24725 0.0745 0.75164 0.60648 0.22648 0.628281 0.555802 0.366065 0.4 "../models/ground1.obj"
pared   9   0   0   -6  1 1 1 0 0 0 0 0.24725 0.24725 0.0745 0.75164 0.60648 0.22648 0.628281 0.555802 0.366065 0.4 "../models/ground1.obj"

pared   9   0   0   -4  1 1 1 0 0 0 0 0.24725 0.24725 0.0745 0.75164 0.60648 0.22648 0.628281 0.555802 0.366065 0.4 "../models/ground1.obj"
pared   9   0   0   -3  1 1 1 0 0 0 0 0.24725 0.24725 0.0745 0.75164 0.60648 0.22648 0.628281 0.555802 0.366065 0.4 "../models/ground1.obj"
pared   9   0   0   -2  1 1 1 0 0 0 0 0.24725 0.24725 0.0745 0.75164 0.60648 0.22648 0.628281 0.555802 0.366065 0.4 "../models/ground1.obj"
pared   9   0   0   -1  1 1 1 0 0 0 0 0.24725 0.24725 0.0745 0.75164 0.60648 0.22648 0.628281 0.555802 0.366065 0.4 "../models/ground1.obj"
pared   9   0   0   0  1 1 1 0 0 0 0 0.24725 0.24725 0.0745 0.75164 0.60648 0.22648 0.628281 0.555802 0.366065 0.4 "../models/ground1.obj"
pared   9   0   0   1  1 1 1 0 0 0 0 0.24725 0.24725 0.0745 0.75164 0.60648 0.22648 0.628281 0.555802 0.366065 0.4 "../models/ground1.obj"
pared   9   0   0   2  1 1 1 0 0 0 0 0.24725 0.24725 0.0745 0.75164 0.60648 0.22648 0.628281 0.555802 0.366065 0.4 "../models/ground1.obj"
pared   9   0   0   3  1 1 1 0 0 0 0 0.24725 0.24725 0.0745 0.75164 0.60648 0.22648 0.628281 0.555802 0.366065 0.4 "../models/ground1.obj"
pared   9   0   0   4  1 1 1 0 0 0 0 0.24725 0.24725 0.0745 0.75164 0.60648 0.22648 0.628281 0.555802 0.366065 0.4 "../models/ground1.obj"
pared   9   0   0   5  1 1 1 0 0 0 0 0.24725 0.24725 0.0745 0.75164 0.60648 0.22648 0.628281 0.555802 0.366065 0.4 "../models/ground1.obj"
pared   9   0   0   6  1 1 1 0 0 0 0 0.24725 0.24725 0.0745 0.75164 0.60648 0.22648 0.628281 0.555802 0.366065 0.4 "../models/ground1.obj"

pared   9   2   0   -7  1 1 1 0 0 0 0 0.24725 0.24725 0.0745 0.75164 0.60648 0.22648 0.628281 0.555802 0.366065 0.4 "../models/ground1.obj"
pared   9   2   0   -6  1 1 1 0 0 0 0 0.24725 0.24725 0.0745 0.75164 0.60648 0.22648 0.628281 0.555802 0.366065 0.4 "../models/ground1.obj"
pared   9   2   0   -5  1 1 1 0 0 0 0 0.24725 0.24725 0.0745 0.75164 0.60648 0.22648 0.628281 0.555802 0.366065 0.4 "../models/ground1.obj"
pared   9   2   0   -4  1 1 1 0 0 0 0 0.24725 0.24725 0.0745 0.75164 0.60648 0.22648 0.628281 0.555802 0.366065 0.4 "../models/ground1.obj"
pared   9   2   0   -3  1 1 1 0 0 0 0 0.24725 0.24725 0.0745 0.75164 0.60648 0.22648 0.628281 0.555802 0.366065 0.4 "../models/ground1.obj"
pared   9   2   0   -2  1 1 1 0 0 0 0 0.24725 0.24725 0.0745 0.75164 0.60648 0.22648 0.628281 0.555802 0.366065 0.4 "../models/ground1.obj"
pared   9   2   0   -1  1 1 1 0 0 0 0 0.24725 0.24725 0.0745 0.75164 0.60648 0.22648 0.628281 0.555802 0.366065 0.4 "../models/ground1.obj"

pared   9   2   0   1  1 1 1 0 0 0 0 0.24725 0.24725 0.0745 0.75164 0.60648 0.22648 0.628281 0.555802 0.366065 0.4 "../models/ground1.obj"
pared   9   2   0   2  1 1 1 0 0 0 0 0.24725 0.24725 0.0745 0.75164 0.60648 0.22648 0.628281 0.555802 0.366065 0.4 "../models/ground1.obj"
pared   9   2   0   3  1 1 1 0 0 0 0 0.24725 0.24725 0.0745 0.75164 0.60648 0.22648 0.628281 0.555802 0.366065 0.4 "../models/ground1.obj"
pared   9   2   0   4  1 1 1 0 0 0 0 0.24725 0.24725 0.0745 0.75164 0.60648 0.22648 0.628281 0.555802 0.366065 0.4 "../models/ground1.obj"
pared   9   2   0   5  1 1 1 0 0 0 0 0.24725 0.24725 0.0745 0.75164 0.60648 0.22648 0.628281 0.555802 0.366065 0.4 "../models/ground1.obj"
pared   9   2   0   6  1 1 1 0 0 0 0 0.24725 0.24725 0.0745 0.75164 0.60648 0.22648 0.628281 0.555802 0.366065 0.4 "../models/ground1.obj"
pared   9   2   0   7  1 1 1 0 0 0 0 0.24725 0.24725 0.0745 0.75164 0.60648 0.22648 0.628281 0.555802 0.366065 0.4 "../models/ground1.obj"

pared   9   4   0   -6  1 1 1 0 0 0 0 0.24725 0.24725 0.0745 0.75164 0.60648 0.22648 0.628281 0.555802 0.366065 0.4 "../models/ground1.obj"
pared   9   4   0   -5  1 1 1 0 0 0 0 0.24725 0.24725 0.0745 0.75164 0.60648 0.22648 0.628281 0.555802 0.366065 0.4 "../models/ground1.obj"
pared   9   4   0   -4  1 1 1 0 0 0 0 0.24725 0.24725 0.0745 0.75164 0.60648 0.22648 0.628281 0.555802 0.366065 0.4 "../models/ground1.obj"
pared   9   4   0   -3  1 1 1 0 0 0 0 0.24725 0.24725 0.0745 0.75164 0.60648 0.22648 0.628281 0.555802 0.366065 0.4 "../models/ground1.obj"
pared   9   4   0   -2  1 1 1 0 0 0 0 0.24725 0.24725 0.0745 0.75164 0.60648 0.22648 0.628281 0.555802 0.366065 0.4 "../models/ground1.obj"
pared   9   4   0   -1  1 1 1 0 0 0 0 0.24725 0.24725 0.0745 0.75164 0.60648 0.22648 0.628281 0.555802 0.366065 0.4 "../models/ground1.obj"
pared   9   4   0   0  1 1 1 0 0 0 0 0.24725 0.24725 0.0745 0.75164 0.60648 0.22648 0.628281 0.555802 0.366065 0.4 "../models/ground1.obj"
pared   9   4   0   1  1 1 1 0 0 0 0 0.24725 0.24725 0.0745 0.75164 0.60648 0.22648 0.628281 0.555802 0.366065 0.4 "../models/ground1.obj"
pared   9   4   0   2  1 1 1 0 0 0 0 0.24725 0.24725 0.0745 0.75164 0.60648 0.22648 0.628281 0.555802 0.366065 0.4 "../models/ground1.obj"
pared   9   4   0   3  1 1 1 0 0 0 0 0.24725 0.24725 0.0745 0.75164 0.60648 0.22648 0.628281 0.555802 0.366065 0.4 "../models/ground1.obj"
pared   9   4   0   4  1 1 1 0 0 0 0 0.24725 0.24725 0.0745 0.75164 0.60648 0.22648 0.628281 0.555802 0.366065 0.4 "../models/ground1.obj"
pared   9   4   0   5  1 1 1 0 0 0 0 0.24725 0.24725 0.0745 0.75164 0.60648 0.22648 0.628281 0.555802 0.366065 0.4 "../models/ground1.obj"
pared   9   4   0   6  1 1 1 0 0 0 0 0.24725 0.24725 0.0745 0.75164 0.60648 0.22648 0.628281 0.555802 0.366065 0.4 "../models/ground1.obj"

pared   9   5   0   6  1 1 1 0 0 0 0 0.24725 0.24725 0.0745 0.75164 0.60648 0.22648 0.628281 0.555802 0.366065 0.4 "../models/ground1.obj"
pared   9   6   0   6  1 1 1 0 0 0 0 0.24725 0.24725 0.0745 0.75164 0.60648 0.22648 0.628281 0.555802 0.366065 0.4 "../models/ground1.obj"
pared   9   6   0   5  1 1 1 0 0 0 0 0.24725 0.24725 0.0745 0.75164 0.60648 0.22648 0.628281 0.555802 0.366065 0.4 "../models/ground1.obj"
pared   9   6   0   4  1 1 1 0 0 0 0 0.24725 0.24725 0.0745 0.75164 0.60648 0.22648 0.628281 0.555802 0.366065 0.4 "../models/ground1.obj"
pared   9   6   0   3  1 1 1 0 0 0 0 0.24725 0.24725 0.0745 0.75164 0.60648 0.22648 0.628281 0.555802 0.366065 0.4 "../models/ground1.obj"
pared   9   6   0   2  1 1 1 0 0 0 0 0.24725 0.24725 0.0745 0.75164 0.60648 0.22648 0.628281 0.555802 0.366065 0.4 "../models/ground1.obj"
pared   9   6   0   1  1 1 1 0 0 0 0 0.24725 0.24725 0.0745 0.75164 0.60648 0.22648 0.628281 0.555802 0.366065 0.4 "../models/ground1.obj"
pared   9   6   0   0  1 1 1 0 0 0 0 0.24725 0.24725 0.0745 0.75164 0.60648 0.22648 0.628281 0.555802 0.366065 0.4 "../models/ground1.obj"
pared   9   6   0   -1  1 1 1 0 0 0 0 0.24725 0.24725 0.0745 0.75164 0.60648 0.22648 0.628281 0.555802 0.366065 0.4 "../models/ground1.obj"
pared   9   6   0   -3  1 1 1 0 0 0 0 0.24725 0.24725 0.0745 0.75164 0.60648 0.22648 0.628281 0.555802 0.366065 0.4 "../models/ground1.obj"
pared   9   6   0   -6  1 1 1 0 0 0 0 0.24725 0.24725 0.0745 0.75164 0.60648 0.22648 0.628281 0.555802 0.366065 0.4 "../models/ground1.obj"
pared   9   6   0   -7  1 1 1 0 0 0 0 0.24725 0.24725 0.0745 0.75164 0.60648 0.22648 0.628281 0.555802 0.366065 0.4 "../models/ground1.obj"

pared   9   7   0   -5  1 1 1 0 0 0 0 0.24725 0.24725 0.0745 0.75164 0.60648 0.22648 0.628281 0.555802 0.366065 0.4 "../models/ground1.obj"
pared   9   7   0   -1  1 1 1 0 0 0 0 0.24725 0.24725 0.0745 0.75164 0.60648 0.22648 0.628281 0.555802 0.366065 0.4 "../models/ground1.obj"



jugador 5   -7   0   0   1 1 1 0 0 0 0 0.24725 0.24725 0.0745 0.75164 0.60648 0.22648 0.628281 0.555802 0.366065 0.4 "../models/ground1.obj"